steps 101
1.0 0.01
steps 3546
35.44827586206897 0.009999513642332572
steps 6991
69.89655172413794 0.009999506684426028
steps 10436
104.3448275862069 0.009999504320671482
steps 13881
138.79310344827587 0.009999503130279242
steps 17326
173.24137931034483 0.009999502413295516
steps 20770
207.6896551724138 0.009999983397005818
steps 24215
242.1379310344828 0.00999991455498814
steps 27660
276.58620689655174 0.009999862861873232
steps 31105
311.0344827586207 0.00999982261955442
steps 34550
345.48275862068965 0.009999790402636535
steps 37995
379.93103448275866 0.00999976402807703
steps 41439
414.3793103448276 0.009999983356938743
steps 44884
448.82758620689657 0.009999946220326105
steps 48329
483.2758620689656 0.009999914378185846
steps 51774
517.7241379310345 0.009999886773627847
steps 55219
552.1724137931035 0.009999862613515584
steps 58664
586.6206896551724 0.009999841291021128
steps 62108
621.0689655172414 0.009999983343540042
steps 65553
655.5172413793103 0.009999957917062948
steps 68998
689.9655172413793 0.00999993502965896
steps 72443
724.4137931034484 0.009999914319089042
steps 75888
758.8620689655173 0.009999895488891606
steps 79333
793.3103448275863 0.009999878294100569
steps 82777
827.7586206896552 0.009999983336832599
steps 86222
862.2068965517242 0.009999964005888637
steps 89667
896.6551724137931 0.009999946160348328
steps 93112
931.1034482758621 0.009999929635336986
steps 96557
965.5517241379312 0.009999914289510038
steps 100001
1000.0 0.01
First time under chemical accuracy for 1 sites 1000.0
steps 101
1.0 0.01
steps 3546
35.44827586206897 0.009999513642332572
steps 6991
69.89655172413794 0.009999506684426028
steps 10436
104.3448275862069 0.009999504320671482
steps 13881
138.79310344827587 0.009999503130279242
steps 17326
173.24137931034483 0.009999502413295516
steps 20770
207.6896551724138 0.009999983397005818
steps 24215
242.1379310344828 0.00999991455498814
steps 27660
276.58620689655174 0.009999862861873232
steps 31105
311.0344827586207 0.00999982261955442
steps 34550
345.48275862068965 0.009999790402636535
steps 37995
379.93103448275866 0.00999976402807703
steps 41439
414.3793103448276 0.009999983356938743
steps 44884
448.82758620689657 0.009999946220326105
steps 48329
483.2758620689656 0.009999914378185846
steps 51774
517.7241379310345 0.009999886773627847
steps 55219
552.1724137931035 0.009999862613515584
steps 58664
586.6206896551724 0.009999841291021128
steps 62108
621.0689655172414 0.009999983343540042
steps 65553
655.5172413793103 0.009999957917062948
steps 68998
689.9655172413793 0.00999993502965896
steps 72443
724.4137931034484 0.009999914319089042
steps 75888
758.8620689655173 0.009999895488891606
steps 79333
793.3103448275863 0.009999878294100569
steps 82777
827.7586206896552 0.009999983336832599
steps 86222
862.2068965517242 0.009999964005888637
steps 89667
896.6551724137931 0.009999946160348328
steps 93112
931.1034482758621 0.009999929635336986
steps 96557
965.5517241379312 0.009999914289510038
steps 100001
1000.0 0.01
First time under chemical accuracy for 2 sites 1000.0
[1000.0, 1000.0]
